# Camera list with one line of data per camera:
#   CAMERA_ID, MODEL, WIDTH, HEIGHT, PARAMS[]
# Number of cameras: 96
1 OPENCV 640 480 621.34475059077431 603.89296035592827 320 240 -0.709072702590963 0.21268014439929023 0.11805551433537939 -0.007032439601308501
2 OPENCV 640 480 617.75498053557283 599.26519127811594 320 240 -0.73741423913709159 0.44496138957909176 0.1144703743570913 -0.0081158038122407256
3 OPENCV 640 480 592.52512879614926 570.42472325125777 320 240 -0.60998734714610425 0.22952131429288641 0.10042001754221246 -0.023174757997979755
4 OPENCV 640 480 618.56765184719484 588.98470104871581 320 240 -0.63881622006781857 0.44210057863705754 0.082881273293505239 -0.04386167528998864
5 OPENCV 640 480 708.65992068426829 660.52597245002153 320 240 -0.58412670670813571 0.62486673505131196 0.085592853686676018 -0.097833199195881557
6 OPENCV 640 480 723.69615592235266 675.50049431671403 320 240 -0.65182859718325492 0.67693381471066849 0.065135962782118556 -0.097449642149778151
7 OPENCV 640 480 766.11188616722052 706.12968959005104 320 240 -0.27522412086584763 -0.38897480582294525 0.03571424671014508 -0.13979851935245491
8 OPENCV 640 480 782.70976297901382 711.20730721259304 320 240 -0.59901986911677985 1.0209353476637217 0.036538987832850388 -0.13614092840093842
9 OPENCV 640 480 784.30045860973246 688.74437541084058 320 240 0.056513486922262338 6.4813235234828037e-06 0.0064700072364626479 -0.20710470310287726
10 OPENCV 640 480 843.24529345947428 753.47208808541166 320 240 -0.66940861866514245 0.23405628070248186 0.030481950382573259 -0.14717627525712088
11 OPENCV 640 480 958.33239154172475 851.78051125852016 320 240 -2.2134521710367223 11.176921971955917 0.088468964388155172 -0.12893028212340535
12 OPENCV 640 480 1111.9926812986805 979.98261347785831 320 240 -1.930438348383597 -1.2944594853316835 0.11856996286275838 -0.16761455923144969
13 OPENCV 640 480 1380.9054419778047 1205.755649218707 320 240 -3.7545107855482938 10.627936656564033 0.16264983263879018 -0.15263463165940055
14 OPENCV 640 480 1510.5223348064901 1314.6556612694574 320 240 -4.3706188851004297 13.683644657052435 0.16924693083753126 -0.12855777216545158
15 OPENCV 640 480 1844.8524500589447 1601.4017510915933 320 240 -5.9635845403564174 19.71786169890828 0.23419295106456958 -0.10955691124682944
16 OPENCV 640 480 1760.2298704322861 1532.0640444302851 320 240 -5.2095400406123877 8.6022487981105087 0.22744697066893388 -0.019813471258979146
17 OPENCV 640 480 1795.1304234384968 1569.8054623902472 320 240 -4.3488234797277476 -11.235655799069088 0.17742249629057086 0.038766257762194091
18 OPENCV 640 480 1922.6313644237041 1722.36762910987 320 240 -1.3987370513138162 -59.586049880684072 0.16150449464721806 0.14689614828396191
19 OPENCV 640 480 1240.826572451437 1111.5920197543549 320 240 -0.36725987611137312 -12.560167772574481 0.10554471691111664 0.16723445517414268
20 OPENCV 640 480 1410.2889563641165 1266.6328689854818 320 240 0.71880029919449284 -53.544696308602703 0.10982703190098005 0.19960963847328114
21 OPENCV 640 480 1144.748289850023 1037.9651230072798 320 240 1.5802271857419337 -42.414106476978787 0.11454467314587792 0.17874197649060433
22 OPENCV 640 480 923.75337526341298 839.97754645201871 320 240 0.88581087064309783 -14.155061429734944 0.11101462800452608 0.1543171794465521
23 OPENCV 640 480 1030.3160899619804 1061.9302450021357 320 240 -1.046826818352466 -18.550671083752395 0.30046189965351638 -0.14189361233924086
24 OPENCV 640 480 976.46534539942706 1015.3772599874075 320 240 -1.1923321814230388 -18.577457201166823 0.26386284995394116 -0.059046115279155355
25 OPENCV 640 480 850.49016996238299 862.42747465570676 320 240 -1.6314366454724498 0.38865641088673419 0.19686315060806528 0.0020482783474506461
26 OPENCV 640 480 750.96668130966123 760.1624070321443 320 240 -1.1815397194795301 -0.17423842496702485 0.17547613211785779 0.031752448861835092
27 OPENCV 640 480 751.96857169963653 761.32460664756218 320 240 -1.0400729372989328 -0.76257676817750075 0.16393694159650471 0.0099379875994692612
28 OPENCV 640 480 729.7491002175251 722.33080838147259 320 240 -1.1967564135315496 1.7313407279052804 0.13832763926696587 -0.0002565236311513561
29 OPENCV 640 480 638.50838294105313 627.71086407892381 320 240 -0.79144417841273884 0.449080600820222 0.11647616587913923 -0.0040179491212538922
30 OPENCV 640 480 628.01683898682677 615.45706811801756 320 240 -0.74634727155863101 0.3856445537022965 0.10680113562979456 -0.012447569086014425
31 OPENCV 640 480 612.35277522944818 595.40196341138949 320 240 -0.5220810815505611 -0.14698929692475876 0.092517618747664218 -0.029651368418110325
32 OPENCV 640 480 605.43905001074199 581.49429953899346 320 240 -0.65906365796147914 0.5123690165723821 0.080128704471167364 -0.04450900549491156
33 OPENCV 640 480 627.27735791588611 563.83331556975043 320 240 0.63064924440874293 -4.6445661100621978 0.090022554774837296 0.086925305365515626
34 OPENCV 640 480 719.86009962841126 685.83180760334642 320 240 -0.94003262769283857 1.0946943246675285 0.090452818434214641 -0.057652471143625483
35 OPENCV 640 480 727.56699211543901 684.27508674799935 320 240 -0.50477733120202284 0.20092416696227969 0.059856824281830708 -0.11105768616504355
36 OPENCV 640 480 768.37762863849684 713.38421847575466 320 240 -0.61871430207896816 0.81837429376966642 0.044297840358839657 -0.12364442136366126
37 OPENCV 640 480 795.14348956725132 736.04070775536286 320 240 -0.28552579691112334 0.023609840480471211 0.015887646224345776 -0.15307661336635955
38 OPENCV 640 480 768.45065777526702 704.19577661596202 320 240 -0.26191815669593588 0.0085137939310475606 -0.007439676072196629 -0.1509831900808222
39 OPENCV 640 480 832.59743426514478 772.98935502386757 320 240 -0.44608994753517195 -0.25559599975772446 -0.016909727458861892 -0.14314620236519443
40 OPENCV 640 480 1013.742993586589 916.2127506917883 320 240 -0.73644586121209721 -5.2950146451669236 0.045569993137711616 -0.1606258734380368
41 OPENCV 640 480 1262.3291945579701 1111.3540791828086 320 240 -2.1411686913663992 -3.317210950319232 0.13767287852869237 -0.19452521461152947
42 OPENCV 640 480 1549.7386849690124 1369.6894007663739 320 240 -4.9541736926139581 18.589282024940157 0.19084682892881802 -0.17296681668557562
43 OPENCV 640 480 1485.1038878304121 1313.2846154023798 320 240 -3.9928488953247818 11.501521036184883 0.12865816711113862 -0.12656903674609293
44 OPENCV 640 480 591.45406534935819 526.77988798278886 320 240 0.5103645006924431 -3.054203438014357 0.077486168933021057 0.08840680006852053
45 OPENCV 640 480 1834.5779566072183 1626.2348628454633 320 240 -6.1096345486336219 24.811027424542729 0.17016858821879968 -0.11359089392237162
46 OPENCV 640 480 2153.5161652667966 1912.8391403782402 320 240 -8.0659010564103575 34.544194288231566 0.22303524206251651 -0.079935006474305625
47 OPENCV 640 480 1883.9441372290685 1672.0627117880276 320 240 -5.2618413609043575 4.662252224587486 0.17025729134136369 0.011657004076794028
48 OPENCV 640 480 5149.3725065675544 4644.9785601638241 320 240 -15.578814714423672 -496.53268669355396 0.32583392609191003 0.23009481643271201
49 OPENCV 640 480 1584.6788945719034 1441.9518770823795 320 240 -0.084370493684838524 -48.22880112570072 0.1047155576720791 0.18067500913324358
50 OPENCV 640 480 1382.1275248304182 1258.7272689204997 320 240 0.19594107352276668 -34.397414413117147 0.10179917626141859 0.18528137581677931
51 OPENCV 640 480 528.20623276955973 463.04400375455668 320 240 0.49906383468390181 -2.1269872327374335 0.060582924232330859 0.080587837073388693
52 OPENCV 640 480 513.37526613213663 442.53493970073902 320 240 0.55064369570593352 -1.6942235409770199 0.060527110365572102 0.10415682091560503
53 OPENCV 640 480 469.92278275489542 402.2779125202108 320 240 0.76543659964792665 -2.6082869157030992 0.043841352496664918 0.13002495372921694
54 OPENCV 640 480 438.6028334774673 375.42235276641742 320 240 0.74195196141767883 -1.9038261800254082 0.045668213150873667 0.15890845241976079
55 OPENCV 640 480 419.62478636862949 357.9807918819422 320 240 0.9433984676246453 -2.3493278280034899 0.061689615140420054 0.20265310135192124
56 OPENCV 640 480 619.53317801611217 595.51471765173585 320 240 -0.23939331445559245 0.13019093541274224 0.27244378619633725 -0.050710515936730545
57 OPENCV 640 480 1400.9578672934049 1287.8517874964607 320 240 0.9034907459486603 -54.180778482214023 0.12524337926839929 0.20115567603269913
58 OPENCV 640 480 959.68237483999337 876.4423910235223 320 240 1.1116898258522367 -17.871606751861499 0.11092730614144719 0.1596405565716405
59 OPENCV 640 480 1061.0806851081556 1105.9436823533797 320 240 -2.0313334123542335 5.5965045388034991 0.29136628939916503 -0.12449627245505569
60 OPENCV 640 480 953.65338981897492 998.74254319258773 320 240 -1.7609092642361155 0.20777904942640354 0.22649577548402244 -0.049632240384877742
61 OPENCV 640 480 817.07383462976679 835.58748823384315 320 240 -1.5015639109152106 0.26768848200854384 0.15943599694056695 0.0054354391765254655
62 OPENCV 640 480 783.86924798416851 805.0690057927394 320 240 -1.2982770621285586 0.21982496246254224 0.16031223875137607 0.019167496168830116
63 OPENCV 640 480 848.45252771481591 860.94896520355076 320 240 -1.4210314832245077 -0.89808473971113567 0.1681447940521181 -0.0099498771806050268
64 OPENCV 640 480 689.66915361736324 687.59337911834984 320 240 -0.82552745588866749 -0.2754562738536695 0.12041844026211976 0.0037062065096337559
65 OPENCV 640 480 597.50182304722966 592.09846340788124 320 240 -0.76473771873685925 0.48517050939390688 0.089362496509614212 -0.0052458238652060623
66 OPENCV 640 480 621.7253373072499 614.92755608575919 320 240 -0.79893907912191819 0.5512554493321431 0.091287967662128863 -0.0033597668979434415
67 OPENCV 640 480 621.90461205487111 607.93576950097736 320 240 -0.7199400564652364 0.42197256164069064 0.089849361703425029 -0.024783695923639406
68 OPENCV 640 480 672.08798519995878 649.66806287825227 320 240 -0.84131453223181385 0.89302527109586638 0.091481677742145925 -0.048351400615908272
69 OPENCV 640 480 731.10133326771245 665.2355309807084 320 240 0.33151852034608825 -4.1326846090883098 0.086710251421056275 0.11231689659695282
70 OPENCV 640 480 634.97884014540159 610.71997865066908 320 240 -0.65964244624830126 0.79028657450950124 0.063764062883649289 -0.071427318459630282
71 OPENCV 640 480 719.71655762170906 685.82759408612378 320 240 -0.53486409919594002 0.29180143481517079 0.048630977616845518 -0.10454283901205916
72 OPENCV 640 480 737.54614818399239 694.20861095399721 320 240 -0.5106335791225235 0.66187464985415212 0.030719681251204781 -0.12569650262758095
73 OPENCV 640 480 762.89821941052162 719.8363717341864 320 240 0.18335227708868307 -1.5229480718607875 -0.021592740374212584 -0.16844601552013969
74 OPENCV 640 480 811.58113052161582 754.14977753227436 320 240 -0.30064924809371102 0.037577049233191016 -0.013241988857116927 -0.15137076695847562
75 OPENCV 640 480 811.70593692453622 768.20058131858502 320 240 -0.38967636157746721 0.084145378452687311 -0.043006276105834039 -0.13319634989525453
76 OPENCV 640 480 994.86844035354818 912.76229988622617 320 240 -0.70274550371153355 -2.7210011906597771 0.011433461183452379 -0.15917286560705032
77 OPENCV 640 480 1275.7153336789768 1160.5904243641564 320 240 -1.8917159311758986 -3.6877305011266968 0.078434773903886562 -0.18527702250228312
78 OPENCV 640 480 1568.5438311955418 1406.3147589078683 320 240 -4.3106777528069795 14.455560036337994 0.14186593969319838 -0.16153999995610716
79 OPENCV 640 480 1532.5869812207293 1373.6877092551326 320 240 -3.4653071021350321 6.0336425306557659 0.091628394358604662 -0.12657245865964328
80 OPENCV 640 480 627.24134891896369 562.70738813061973 320 240 0.50002513830474549 -3.4753874242445844 0.071224081952217966 0.10410146362475683
81 OPENCV 640 480 1334.3111642438976 1217.1284810724978 320 240 -2.6684941943217151 1.1702698248113137 0.019155994156638878 -0.045608419084567017
82 OPENCV 640 480 1805.9389012855372 1617.9544297534692 320 240 -4.6862394749371319 -0.67194543314773458 0.1072228714673169 -0.041699422059588882
83 OPENCV 640 480 1685.6853769353679 1513.3668404375881 320 240 -1.8458639007757001 -64.61871979378607 0.081046919398162692 0.062170115850350559
84 OPENCV 640 480 2429.0871281537302 2233.191671058863 320 240 -5.0084045037533969 242.50433999606864 0.097074252456351956 0.15889918789715227
85 OPENCV 640 480 2419.1270125040442 2215.4252120793549 320 240 -5.1565874454780012 13.099191995466454 0.11035275308697183 0.16799688650245645
86 OPENCV 640 480 1452.2244561128359 1334.4236483179675 320 240 1.004588781716778 -63.28998999763833 0.068559146693384768 0.19639383226208001
87 OPENCV 640 480 534.62019338332379 475.29970868544905 320 240 0.49887476643268758 -2.2287097642603175 0.05656365926053309 0.084839124826590478
88 OPENCV 640 480 525.0701243440991 458.07764366221789 320 240 0.2978211454029619 -0.66011997944824086 0.048739712701447918 0.11155510777071669
89 OPENCV 640 480 474.18889486757575 410.48382054666752 320 240 0.73064159650538918 -2.3240060101709314 0.034117992532386392 0.13559299485825529
90 OPENCV 640 480 434.56214505650183 376.83506447473655 320 240 0.77714548603433409 -1.8421994034521201 0.029035824008795581 0.15980889668799272
91 OPENCV 640 480 420.37200832418256 362.20945928478773 320 240 0.80119462047147072 -1.4828919869442263 0.037673706853254024 0.21083603625550509
92 OPENCV 640 480 570.37948197044489 558.06688636320337 320 240 0.2363824425604576 -2.1795072173194598 0.22087041020849646 -0.047306256045645714
93 OPENCV 640 480 1232.8914658232682 1137.8711483635664 320 240 0.18792426287157207 -17.002846967284817 0.075167122825619465 0.18834064475909698
94 OPENCV 640 480 1001.7851669843589 919.82825107920041 320 240 0.95117373847751441 -18.050889827299418 0.097785160197767673 0.16951588609632301
95 OPENCV 640 480 772.34251795983062 706.0513640616615 320 240 0.37451994443367298 -4.641419670241393 0.080393865078625462 0.12459132281363476
96 OPENCV 640 480 648.86324911288148 589.89185892306523 320 240 0.42994012461888043 -3.0916327554482446 0.073330432807986096 0.10515544732817805
